1,1,957,1,249.99,249.99
2,2,1073,1,159.99,159.99
3,2,502,5,45.0,225.0
4,2,403,1,109.99,109.99
5,4,897,2,39.99,79.98
6,4,365,5,249.95,124.97
7,4,502,3,120.0,360.0
8,4,1014,4,179.92,719.68
9,5,957,1,259.99,259.99
10,5,365,5,249.95,124.97
11,5,1014,2,79.96,159.92
12,5,403,1,99.99,99.99
13,7,1073,1,189.99,189.99
14,7,957,1,249.99,249.99
15,7,926,5,59.95,299.75
16,8,365,3,139.97,419.91
17,8,365,5,239.95,1199.75
18,8,1014,4,159.92,639.68
19,8,502,1,40.0,40.0
20,9,191,2,179.98,359.96
21,9,1073,1,189.99,189.99
22,10,1073,1,189.99,189.99
23,10,1014,2,79.96,159.92
24,10,403,1,109.99,109.99
25,10,917,1,19.99,19.99
26,11,365,1,49.99,49.99
27,11,627,4,119.96,479.84
28,11,1014,1,39.98,39.98
29,11,191,4,319.96,1279.84
30,11,1014,5,199.9,999.5
31,12,957,1,249.99,249.99
32,12,134,4,80.0,320.0
33,12,1014,3,119.94,359.82
34,12,191,5,399.95,1999.75
35,12,502,5,200.0,1000.0
36,13,276,4,111.96,447.84
37,14,1004,1,299.98,299.98
38,14,1014,2,79.96,159.92
39,14,502,1,40.0,40.0
40,15,502,1,40.0,40.0
41,15,1073,1,189.99,189.99
42,15,828,3,79.97,239.91
43,15,365,3,139.97,419.91
44,15,1004,1,299.98,299.98
45,16,365,2,99.98,199.96
46,16,365,5,249.95,1249.75
47,17,810,4,69.96,279.84
48,17,1014,2,79.96,159.92
49,17,93,3,64.97,194.91
50,17,1073,1,189.99,189.99
51,17,365,4,179.96,719.84
52,18,1073,1,189.99,189.99
53,18,365,2,99.98,199.96
54,18,403,1,109.99,109.99
55,19,1004,1,299.98,299.98
56,19,957,1,249.99,249.99
57,20,502,5,200.0,1000.0
58,20,1014,4,159.92,639.68
59,20,403,1,109.99,109.99
60,20,365,5,249.95,1249.75
61,21,897,3,64.97,194.91
62,21,276,4,111.96,447.84
63,21,37,2,59.98,119.96
64,21,502,2,80.0,160.0
65,23,957,1,249.99,249.99
66,24,403,1,109.99,109.99
67,24,502,1,40.0,40.0
68,24,502,5,200.0,1000.0
69,24,1073,1,189.99,189.99
70,25,1004,1,299.98,299.98
71,27,502,3,120.0,360.0
72,27,1073,1,189.99,189.99
73,27,1004,1,299.98,299.98
74,28,191,4,399.96,1599.84
75,28,957,1,249.99,249.99
76,28,191,1,79.99,79.99
77,29,1073,1,189.99,189.99
78,29,1014,5,199.9,999.5
79,29,403,1,109.99,109.99
80,29,403,1,109.99,109.99
81,29,1004,1,299.98,299.98
82,30,502,2,80.0,160.0
83,31,191,5,399.95,1999.75
84,33,403,1,109.99,109.99
85,33,1073,1,189.99,189.99
86,33,403,1,109.99,109.99
87,33,1014,4,179.92,719.68
88,34,957,1,249.99,249.99
89,35,403,1,109.99,109.99
90,36,502,2,80.0,160.0
91,36,957,1,249.99,249.99
92,36,1004,1,299.98,299.98
93,37,365,1,49.99,49.99
94,37,906,4,79.96,319.84
95,38,627,4,119.96,479.84
96,38,502,4,160.0,640.0
97,39,1073,1,189.99,189.99
98,41,1014,4,179.92,719.68
99,41,825,4,111.96,447.84
100,42,627,1,29.99,29.99
101,42,365,5,249.95,1249.75
102,42,1004,1,299.98,299.98
103,43,957,1,249.99,249.99
104,43,191,1,79.99,79.99
105,43,403,1,109.99,109.99
106,44,1004,1,299.98,299.98
107,45,627,5,199.95,999.75
108,45,627,4,119.96,479.84
109,45,924,5,79.95,399.75
110,45,365,1,49.99,49.99
111,46,403,1,109.99,109.99
112,46,1014,2,79.96,159.92
113,48,1014,1,39.98,39.98
114,48,886,2,39.98,79.96
115,49,957,1,249.99,249.99
116,49,365,2,99.98,199.96
117,49,403,1,109.99,109.99
118,50,403,1,109.99,109.99
119,50,957,1,249.99,249.99
120,51,502,1,40.0,40.0
121,51,1004,1,299.98,299.98
122,52,1014,5,199.9,999.5
123,52,1014,3,119.94,359.82
124,56,1073,1,189.99,189.99
125,56,1014,4,179.92,719.68
126,56,957,1,249.99,249.99
127,57,365,3,139.97,419.91
128,57,365,2,99.98,199.96
129,57,403,1,109.99,109.99
130,57,821,4,163.96,655.84
131,58,775,2,15.98,31.96
132,58,502,1,40.0,40.0
133,58,1004,1,299.98,299.98
134,58,1073,1,189.99,189.99
135,58,403,1,109.99,109.99
136,59,957,1,249.99,249.99
137,59,365,1,49.99,49.99
138,59,365,1,49.99,49.99
139,59,1073,1,189.99,189.99
140,61,365,2,99.98,199.96
141,61,365,2,99.98,199.96
142,61,191,4,319.96,1279.84
143,62,1004,1,299.98,299.98
144,62,1004,1,299.98,299.98
145,62,957,1,249.99,249.99
146,62,502,1,40.0,40.0
147,63,1004,1,299.98,299.98
148,63,1014,2,79.96,159.92
149,63,1004,1,299.98,299.98
150,64,502,3,120.0,360.0
151,64,502,1,40.0,40.0
152,64,365,1,49.99,49.99
153,64,191,2,159.98,319.96
154,64,502,4,160.0,640.0
155,65,957,1,249.99,249.99
156,66,403,1,109.99,109.99
157,66,365,2,99.98,199.96
158,66,957,1,249.99,249.99
159,66,403,1,109.99,109.99
160,67,502,3,120.0,360.0
161,68,957,1,249.99,249.99
162,69,365,4,199.96,799.84
163,70,1073,1,189.99,189.99
164,70,403,1,109.99,109.99
165,70,957,1,249.99,249.99
166,71,191,5,399.95,1999.75
167,71,365,2,99.98,199.96
168,71,627,1,29.99,29.99
169,72,627,2,59.98,119.96
170,72,1073,1,189.99,189.99
171,72,572,3,89.97,269.91
172,72,835,2,47.98,95.96
173,73,1014,5,199.9,999.5
174,73,1014,5,199.9,999.5
175,73,1014,5,199.9,999.5
176,73,403,1,109.99,109.99
177,73,191,4,319.96,1279.84
178,74,365,2,99.98,199.96
179,75,403,1,109.99,109.99
180,75,502,1,40.0,40.0
181,75,502,4,160.0,640.0
182,75,1004,1,299.98,299.98
183,77,1014,2,79.96,159.92
184,77,365,5,249.95,1249.75
185,77,191,1,79.99,79.99
186,77,403,1,109.99,109.99
187,77,502,2,80.0,160.0
188,81,627,5,199.95,999.75
189,81,627,3,119.97,359.91
